  47509.00     8.98     0.36
  47512.00     9.73     0.73
  47517.00     9.71     0.39
  47524.00     9.79     0.39
  47525.00    10.11     0.40
  47528.00    10.56     0.42
  47533.00    10.14     0.41
  47534.00    10.55     0.42
  47535.00    10.16     0.41
  47539.00    10.74     0.38
  47543.00     9.88     0.40
  47549.00    11.48     0.86
  47556.00     9.08     0.32
  47560.00     9.59     0.34
  47561.00     9.69     0.39
  47564.00     9.31     0.37
  47565.00     9.36     0.37
  47567.00     9.31     0.37
  47568.00     9.09     0.36
  47570.00     8.48     0.34
  47571.00     9.16     0.37
  47572.00     8.48     0.34
  47573.00     8.54     0.23
  47574.00     8.74     0.31
  47575.00     8.05     0.60
  47576.00     7.94     0.60
  47582.00     8.15     0.33
  47583.00     7.98     0.48
  47584.00     8.59     0.34
  47587.00     8.79     0.31
  47589.00     9.12     0.32
  47590.00     9.26     0.37
  47591.00     9.26     0.37
  47592.00     9.31     0.25
  47593.00     9.16     0.26
  47594.00     8.92     0.31
  47597.00    10.20     0.76
  47598.00     9.94     0.40
  47599.00     9.88     0.40
  47600.00     9.84     0.28
  47601.00    10.08     0.76
  47606.00    10.60     0.37
  47613.00    10.80     0.43
  47614.00    10.99     0.44
  47615.00    10.56     0.42
  47617.00    11.23     0.45
  47618.00    11.43     0.32
  47620.00    11.55     0.38
  47621.00    11.66     0.41
  47622.00    11.56     0.69
  47623.00    11.70     0.47
  47624.00    11.70     0.47
  47626.00    11.60     0.46
  47627.00    11.87     0.34
  47628.00    11.83     0.41
  47629.00    11.73     0.47
  47631.00    12.48     0.53
  47632.00    11.53     0.69
  47642.00    12.22     0.49
  47643.00    11.58     0.33
  47644.00    11.77     0.31
  47645.00    10.91     0.44
  47648.00    11.88     0.89
  47649.00    11.48     0.38
  47650.00    11.49     0.46
  47652.00    11.07     0.83
  47653.00    11.10     0.44
  47654.00    11.09     0.31
  47655.00    11.16     0.37
  47656.00    11.15     0.39
  47657.00    11.05     0.44
  47658.00    11.63     0.40
  47660.00    10.11     0.40
  47661.00    11.35     0.45
  47663.00    11.30     0.85
  47664.00    10.72     0.80
  47665.00    10.75     0.45
  47666.00    10.43     0.78
  47668.00    10.66     0.80
  47673.00     9.99     0.40
  47674.00    10.09     0.40
  47678.00     9.79     0.28
  47679.00     9.62     0.38
  47680.00     9.78     0.39
  47681.00     9.62     0.38
  47682.00     9.68     0.39
  47683.00     9.83     0.39
  47684.00     9.36     0.38
  47685.00     9.52     0.38
  47686.00     9.26     0.37
  47687.00     9.65     0.58
  47699.00    10.05     0.86
  47700.00    10.50     0.89
  47701.00    10.75     0.91
  47703.00     9.26     0.37
  47705.00     8.69     0.35
  47707.00     9.88     0.40
  47708.00     9.57     0.38
  47709.00     9.57     0.38
  47710.00     9.73     0.34
  47711.00    10.21     0.41
  47713.00     9.97     0.75
  47715.00     9.16     0.37
  47716.00     9.81     0.39
  47719.00    10.16     0.41
  47725.00     9.93     0.40
  47728.00     9.06     0.77
  47730.00    10.10     0.86
  47736.00     7.18     0.50
  47742.00     5.78     0.35
  47746.00     7.36     0.55
  47748.00     6.60     0.40
  47749.00     7.47     0.56
  47754.00     7.01     0.53
  47757.00     8.11     0.61
  47758.00     9.97     0.75
  47759.00     9.04     0.68
  47765.00     7.53     0.56
  47766.00     8.51     0.31
  47767.00     8.55     0.30
  47777.00     8.98     0.36
  47778.00     9.70     0.27
  47779.00     9.74     0.39
  47797.00    10.48     0.42
  47809.00    10.09     0.40
  47861.00    10.07     0.40
  47868.00    10.27     0.41
  47884.00     8.82     0.35
  47891.00     8.09     0.32
  47895.00     7.95     0.32
  47896.00     7.73     0.43
  47897.00     7.78     0.43
  47899.00     8.48     0.34
  47900.00     8.20     0.33
  47901.00     8.03     0.32
  47907.00     6.74     0.50
  47910.00     6.11     0.24
  47912.00     6.89     0.17
  47915.00     7.20     0.29
  47918.00     6.48     0.36
  47919.00     6.63     0.37
  47921.00     6.53     0.36
  47922.00     6.38     0.35
  47927.00     6.13     0.34
  47929.00     6.03     0.24
  47940.00     6.58     0.36
  47941.00     6.13     0.34
  47945.00     6.63     0.37
  47946.00     6.56     0.26
  47947.00     6.28     0.34
  47949.00     6.19     0.25
  47951.00     6.38     0.35
  47955.00     6.63     0.37
  47957.00     6.19     0.25
  47958.00     5.80     0.23
  47967.00     5.73     0.31
  47968.00     5.93     0.33
  47969.00     5.83     0.32
  47970.00     6.48     0.36
  47971.00     5.63     0.18
  47973.00     5.78     0.32
  47974.00     5.78     0.32
  47975.00     6.02     0.19
  47980.00     6.63     0.37
  47982.00     6.01     0.15
  47984.00     6.01     0.45
  47990.00     6.47     0.26
  47994.00     6.86     0.28
  47999.00     6.93     0.38
  48002.00     6.93     0.38
  48004.00     7.20     0.29
  48005.00     7.34     0.30
  48007.00     7.10     0.23
  48008.00     7.03     0.39
  48009.00     7.63     0.42
  48011.00     8.11     0.32
  48013.00     8.03     0.32
  48020.00     7.92     0.32
  48028.00     8.09     0.32
  48030.00     7.68     0.42
  48031.00     7.73     0.43
  48032.00     7.63     0.42
  48034.00     7.43     0.41
  48036.00     7.73     0.43
  48037.00     8.06     0.26
  48039.00     7.78     0.43
  48040.00     8.18     0.45
  48041.00     8.08     0.44
  48042.00     7.93     0.44
  48043.00     7.43     0.41
  48044.00     8.26     0.33
  48047.00     7.84     0.47
  48051.00     7.90     0.32
  48056.00     7.95     0.32
  48059.00     7.33     0.40
  48060.00     7.53     0.41
  48061.00     7.55     0.19
  48062.00     7.27     0.29
  48064.00     7.43     0.41
  48067.00     6.73     0.37
  48068.00     6.96     0.23
  48077.00     6.53     0.26
  48089.00     6.75     0.24
  48090.00     6.75     0.27
  48091.00     6.98     0.38
  48092.00     6.74     0.27
  48097.00     6.92     0.22
  48102.00     7.11     0.28
  48120.00     9.06     0.68
  48128.00     7.59     0.30
  48132.00     7.00     0.28
  48133.00     7.27     0.29
  48143.00     7.20     0.29
  48148.00     7.53     0.30
  48151.00     7.37     0.29
  48160.00     7.87     0.31
  48170.00    10.10     0.54
  48171.00     9.61     0.72
  48179.00     9.49     0.38
  48225.00     9.75     0.29
  48231.00     9.60     0.29
  48236.00    10.10     0.30
  48252.00     9.77     0.29
  48262.00     9.15     0.27
  48267.00    10.27     0.31
  48275.00    10.55     0.32
  48280.00    10.27     0.31
  48287.00     9.93     0.30
  48294.00    10.55     0.32
  48298.00     9.48     0.47
  48301.00     9.25     0.46
  48302.00     9.03     0.45
  48310.00    10.49     0.31
  48323.00    11.14     0.29
  48324.00    10.91     0.55
  48325.00    11.48     0.57
  48329.00    11.02     0.55
  48330.00    10.40     0.52
  48338.00    10.38     0.31
  48341.00    10.01     0.60
  48344.00     9.37     0.28
  48351.00     8.65     0.26
  48352.00     8.76     0.26
  48353.00     8.51     0.43
  48354.00     8.94     0.23
  48355.00     8.85     0.44
  48356.00     8.40     0.42
  48360.00     8.85     0.44
  48361.00     8.17     0.41
  48362.00     8.11     0.41
  48365.00     9.03     0.24
  48366.00     9.09     0.27
  48378.00     9.60     0.29
  48381.00     8.98     0.27
  48384.00     9.43     0.47
  48386.00    10.38     0.31
  48393.00     9.15     0.28
  48394.00     9.31     0.47
  48395.00     9.65     0.48
  48396.00     8.66     0.52
  48400.00     8.26     0.25
  48414.00     8.82     0.26
  48415.00     8.74     0.44
  48421.00    10.32     0.31
  48423.00     9.94     0.60
  48427.00    10.71     0.64
  48428.00    11.14     0.30
  48431.00    10.44     0.31
  48455.00     8.54     0.26
  48456.00     8.26     0.25
  48457.00     8.38     0.25
  48460.00     7.59     0.23
  48473.00     7.72     0.23
  48474.00     7.64     0.31
  48477.00     8.29     0.33
  48488.00     9.09     0.27
  48507.00     9.18     0.55
  48512.00     9.32     0.28
  48513.00     9.43     0.28
  48514.00     9.77     0.29
  48515.00     9.26     0.28
  48516.00     9.65     0.29
  48531.00     8.65     0.26
  48534.00     8.20     0.25
  48623.00     9.92     0.30
  48630.00    10.14     0.30
  48636.00    10.16     0.31
  48644.00     9.49     0.28
  48651.00     9.60     0.29
  48655.00     8.59     0.60
  48662.00     8.69     0.43
  48670.00     8.15     0.24
  48676.00     7.37     0.22
  48677.00     7.77     0.31
  48679.00     8.11     0.41
  48681.00     7.83     0.39
  48682.00     7.77     0.39
  48687.00     6.86     0.34
  48689.00     6.69     0.33
  48691.00     6.42     0.19
  48692.00     6.58     0.26
  48693.00     6.80     0.34
  48695.00     6.41     0.19
  48699.00     6.14     0.18
  48707.00     6.57     0.33
  48713.00     5.30     0.16
  48718.00     5.08     0.31
  48720.00     5.02     0.15
  48726.00     5.30     0.16
  48733.00     5.52     0.12
  48734.00     5.72     0.31
  48736.00     5.72     0.29
  48737.00     6.06     0.30
  48742.00     5.49     0.15
  48743.00     6.13     0.24
  48744.00     6.23     0.24
  48745.00     5.98     0.23
  48746.00     5.87     0.35
  48747.00     5.64     0.34
  48748.00     6.63     0.33
  48750.00     5.79     0.15
  48765.00     5.96     0.15
  48766.00     5.83     0.29
  48769.00     6.08     0.25
  48771.00     5.77     0.35
  48776.00     6.75     0.41
  48777.00     6.02     0.36
  48778.00     6.57     0.25
  48779.00     6.75     0.34
  48780.00     6.72     0.17
  48783.00     7.07     0.21
  48789.00     6.75     0.20
  48793.00     6.47     0.39
  48796.00     6.19     0.19
  48799.00     6.12     0.37
  48801.00     5.38     0.27
  48804.00     5.83     0.16
  48805.00     5.95     0.30
  48810.00     5.81     0.17
  48812.00     5.08     0.20
  48813.00     5.44     0.33
  48816.00     4.97     0.20
  48817.00     5.80     0.17
  48818.00     5.85     0.35
  48825.00     5.97     0.18
  48830.00     6.21     0.37
  48831.00     6.18     0.17
  48833.00     6.41     0.38
  48834.00     6.70     0.28
  48835.00     6.07     0.36
  48836.00     6.51     0.39
  48837.00     6.54     0.18
  48839.00     6.70     0.20
  48848.00     7.14     0.21
  48858.00     7.15     0.19
  48860.00     7.04     0.28
  48861.00     7.30     0.44
  48862.00     7.25     0.19
  48864.00     7.53     0.30
  48866.00     7.53     0.30
  48867.00     7.50     0.22
  48869.00     7.42     0.22
  48876.00     7.87     0.24
  48883.00     7.81     0.23
  48886.00     7.83     0.23
  48889.00     7.76     0.23
  48898.00     7.03     0.21
  48954.03    10.16     0.25
  48967.00    10.49     0.26
  48973.01    11.33     0.28
  48981.03    11.10     0.28
  48982.05    11.43     0.53
  48991.62    10.86     0.60
  48992.01    12.05     0.30
  49000.02    10.49     0.26
  49004.65    10.80     0.43
  49008.99    10.10     0.25
  49010.04     9.69     0.45
  49010.56    10.37     0.26
  49011.03     9.91     0.46
  49012.03     9.53     0.44
  49012.64    10.29     0.41
  49013.03     9.85     0.45
  49013.94     9.77     0.24
  49014.05     9.42     0.43
  49014.51    10.15     0.25
  49017.08    10.45     0.26
  49020.97    10.32     0.26
  49029.95    10.21     0.25
  49031.54    10.38     0.52
  49032.08    10.56     0.26
  49034.50    10.87     0.27
  49036.00    10.13     0.47
  49039.55    10.12     0.61
  49040.50    10.39     0.62
  49045.04     9.59     0.44
  49045.96     9.59     0.44
  49047.60     9.23     0.51
  49048.94    10.10     0.25
  49053.78     9.90     0.55
  49056.89     9.71     0.24
  49059.40     9.77     0.54
  49061.57     9.59     0.53
  49061.90    10.07     0.46
  49062.56     9.59     0.53
  49062.87     9.49     0.24
  49063.54     9.34     0.52
  49063.82     9.46     0.17
  49064.80     9.26     0.23
  49065.01     9.37     0.43
  49066.02     9.26     0.43
  49067.02     9.42     0.43
  49069.45     8.94     0.49
  49070.00     9.04     0.42
  49070.46     8.77     0.22
  49071.00     9.31     0.43
  49071.98     9.10     0.42
  49073.95     8.67     0.16
  49074.53     8.72     0.22
  49075.01     9.21     0.42
  49077.39     8.55     0.21
  49078.41     8.44     0.21
  49078.44     8.42     0.42
  49078.90     8.41     0.16
  49079.85     8.59     0.22
  49080.46     8.30     0.41
  49083.46     7.95     0.40
  49085.22     8.62     0.31
  49085.82     7.48     0.19
  49087.20     8.05     0.29
  49088.20     7.53     0.27
  49088.32     8.06     0.20
  49089.17     7.95     0.29
  49089.40     7.95     0.20
  49090.17     7.90     0.28
  49090.82     7.64     0.35
  49090.85     8.09     0.20
  49090.92     7.99     0.20
  49091.15     7.84     0.28
  49091.37     8.11     0.45
  49091.86     7.74     0.36
  49091.98     7.83     0.20
  49092.86     7.75     0.17
  49094.25     7.79     0.28
  49094.57     7.80     0.31
  49094.99     8.02     0.37
  49095.23     8.00     0.29
  49095.69     8.21     0.15
  49096.99     8.50     0.39
  49097.90     8.56     0.16
  49098.75     8.02     0.29
  49098.80     9.10     0.46
  49098.82     8.77     0.40
  49098.98     8.78     0.16
  49099.43     8.36     0.46
  49099.69     8.62     0.16
  49099.70     8.62     0.16
  49099.80     8.59     0.22
  49099.81     8.78     0.16
  49100.40     8.72     0.48
  49100.70     8.62     0.16
  49101.19     8.73     0.31
  49101.42     8.53     0.34
  49101.73     9.05     0.50
  49101.76     8.94     0.17
  49101.89     8.94     0.17
  49102.20     9.04     0.32
  49102.38     8.56     0.47
  49102.98     9.26     0.43
  49103.64     8.98     0.45
  49104.37     8.62     0.08
  49104.75     9.23     0.17
  49105.35     9.17     0.08
  49106.73     8.98     0.45
  49107.42     9.35     0.47
  49107.55     9.05     0.50
  49107.82     9.49     0.24
  49107.98     9.58     0.24
  49112.24     8.99     0.32
  49113.24     9.14     0.33
  49114.51     9.84     0.49
  49114.59     9.23     0.51
  49114.81     9.21     0.23
  49120.74     9.58     0.48
  49120.81     9.96     0.46
  49120.86     9.46     0.35
  49121.39     9.28     0.26
  49121.69     9.90     0.18
  49121.77    10.12     0.51
  49121.79    10.37     0.19
  49122.84     9.88     0.25
  49124.69     9.90     0.18
  49125.66    10.02     0.46
  49126.69     9.75     0.45
  49127.68     9.10     0.42
  49127.85     9.90     0.27
  49128.73     8.77     0.40
  49128.75     9.49     0.24
  49129.46     9.38     0.23
  49130.46     8.99     0.22
  49131.35     8.82     0.19
  49131.38     9.90     0.55
  49132.05     8.95     0.54
  49132.40     9.21     0.23
  49133.66     9.23     0.17
  49135.76     8.54     0.21
  49135.92     9.04     0.42
  49140.46     9.16     0.23
  49141.39     9.10     0.23
  49142.72     8.54     0.21
  49146.30     9.23     0.51
  49148.32     8.83     0.49
  49149.33     8.51     0.08
  49149.37     8.56     0.47
  49149.74     8.15     0.20
  49150.36     8.72     0.48
  49150.85     9.04     0.42
  49151.66     8.02     0.37
  49152.67     8.02     0.37
  49154.69     8.21     0.15
  49155.41     8.11     0.20
  49155.67     7.96     0.37
  49156.39     8.06     0.20
  49156.67     8.18     0.38
  49156.75     8.03     0.20
  49157.41     7.72     0.19
  49157.67     8.02     0.37
  49158.35     8.00     0.20
  49158.66     8.02     0.37
  49159.37     8.26     0.15
  49159.38     7.67     0.19
  49159.69     7.47     0.34
  49160.66     8.56     0.39
  49162.35     8.36     0.08
  49163.69     7.81     0.19
  49164.37     7.29     0.29
  49166.84     8.70     0.22
  49169.69     8.09     0.20
  49176.69     8.70     0.22
  49182.85     9.25     0.23
  49183.69     8.98     0.22
  49187.66     9.48     0.45
  49188.67     9.26     0.43
  49189.69     9.80     0.45
  49190.65     9.21     0.23
  49191.66     9.21     0.42
  49196.77     9.58     0.24
  49197.70     9.49     0.24
  49205.68     9.21     0.23
  49211.66     9.49     0.24
  49212.74     9.69     0.24
  49213.62     9.05     0.17
  49214.65     9.23     0.17
  49215.66     9.34     0.17
  49240.63     8.48     0.21
  49240.67     8.59     0.22
  49242.67     8.98     0.22
  49243.66     8.92     0.22
  49255.64     9.36     0.23
  49309.10     8.37     0.17
  49313.60     8.54     0.28
  49317.00     9.32     0.19
  49324.00     9.33     0.19
  49325.00     9.59     0.19
  49326.00     9.23     0.19
  49327.00     9.14     0.18
  49327.60     8.86     0.29
  49328.00     9.24     0.19
  49329.00     9.04     0.18
  49330.00     9.27     0.19
  49331.00     9.27     0.19
  49332.00     9.05     0.18
  49332.60     9.44     0.31
  49333.00     9.30     0.19
  49339.00     9.81     0.20
  49339.70     9.64     0.48
  49340.10     9.69     0.19
  49342.40     9.78     0.49
  49343.10     9.59     0.19
  49344.10     9.91     0.20
  49360.10     9.13     0.18
  49364.60     9.02     0.30
  49365.60     8.69     0.29
  49367.00     8.48     0.53
  49370.00     8.40     0.52
  49371.00     8.74     0.54
  49372.00     9.02     0.56
  49372.10     9.38     0.19
  49374.00     9.31     0.58
  49375.00     8.98     0.56
  49377.70     8.16     0.41
  49387.00     7.79     0.48
  49389.10     8.69     0.17
  49390.00     8.00     0.50
  49394.00     7.59     0.47
  49395.00     8.15     0.51
  49395.60     8.87     0.29
  49397.60     9.11     0.30
  49399.00     8.34     0.52
  49400.00     7.64     0.47
  49403.80     8.51     0.17
  49409.00     8.51     0.17
  49415.90     9.32     0.19
  49416.90     9.40     0.58
  49420.00     9.53     0.59
  49420.90     9.45     0.19
  49421.00     9.44     0.59
  49422.00    10.12     0.63
  49428.60     9.22     0.30
  49429.10     9.19     0.18
  49429.80     9.24     0.19
  49429.90     8.68     0.54
  49436.90     9.46     0.19
  49443.90     9.90     0.19
  49444.80     9.54     0.59
  49447.00    10.32     0.21
  49447.90    10.10     0.63
  49448.90    10.56     0.65
  49452.80    10.49     0.65
  49453.30     9.66     0.32
  49454.40     9.27     0.31
  49457.90     9.41     0.19
  49458.20     9.59     0.44
  49459.20     9.59     0.35
  49460.20     8.21     0.38
  49460.90     9.40     1.47
  49461.00     8.72     0.17
  49461.20     8.51     0.31
  49462.20     8.21     0.23
  49463.90     9.71     0.62
  49464.80     8.74     0.17
  49471.80     8.94     0.18
  49475.80     9.54     0.59
  49476.90    10.01     0.62
  49477.80     9.57     0.59
  49478.80     9.09     0.18
  49481.80     9.64     0.60
  49482.80     8.51     0.53
  49483.70    10.14     0.63
  49485.80     9.57     0.19
  49486.40     9.25     0.31
  49487.40     9.28     0.31
  49488.80     8.81     0.55
  49489.40     9.12     0.30
  49489.80     9.22     0.57
  49490.10     9.17     0.30
  49490.40     9.21     0.30
  49491.10     9.61     0.32
  49491.40     9.33     0.31
  49491.60     9.05     0.56
  49491.80     9.91     0.20
  49498.80    10.90     0.22
  49504.10    11.16     0.37
  49504.70    11.33     0.70
  49505.60    11.07     0.69
  49506.70    11.17     0.21
  49506.90    11.47     0.23
  49507.70    11.02     0.68
  49508.70    12.06     0.75
  49509.70    11.15     0.69
  49510.40    11.10     0.37
  49513.70    10.50     0.20
  49514.70    10.88     0.67
  49515.70     9.73     0.60
  49518.70    10.03     0.62
  49519.40     9.84     0.32
  49519.50    10.18     0.20
  49519.70    10.65     0.66
  49520.40     9.54     0.31
  49520.70    10.09     0.19
  49527.70    11.00     0.22
  49535.40    11.28     0.37
  49536.30    11.69     0.39
  49537.70    11.25     0.70
  49538.70    11.08     0.69
  49539.70    11.77     0.73
  49545.60    10.97     0.68
  49548.80    11.97     0.24
  49553.40    13.35     0.44
  49566.30    11.18     0.37
  49568.40    11.64     0.38
  49568.80    11.39     0.23
  49575.50    11.99     0.60
  49579.30    12.06     0.40
  49597.30    11.72     0.39
  49597.70    11.45     0.16
  49599.30    11.83     0.39
  49601.30    11.24     0.37
  49603.70    11.18     0.22
  49604.70    10.80     0.22
  49608.70    11.01     0.22
  49622.60     9.57     0.19
  49626.60     9.06     0.18
  49636.60     9.44     0.19
  49679.00     9.81     0.20
  49686.00    10.41     0.21
  49703.10    10.65     0.39
  49713.60    10.82     0.36
  49743.60    10.89     0.36
  49744.50    10.95     0.36
  49750.10    11.12     0.22
  49751.00    10.79     0.21
  49752.00    11.43     0.23
  49753.60    12.02     0.40
  49758.90    11.65     0.23
  49765.90    10.34     0.21
  49772.50    11.14     0.37
  49772.90    11.39     0.23
  49773.10    11.50     0.23
  49775.00    11.68     0.35
  49779.00    11.61     0.23
  49780.00    11.63     0.23
  49781.00    12.88     0.26
  49782.00    11.92     0.24
  49783.50    12.27     0.41
  49784.00    12.47     0.25
  49784.50    12.16     0.24
  49784.90    12.00     0.24
  49786.60    12.40     0.25
  49787.60    12.17     0.24
  49788.50    12.39     0.25
  49794.00    12.32     0.25
  49802.00    13.31     0.27
  49803.90    12.65     0.70
  49808.90    13.50     0.27
  49810.80    14.25     0.28
  49810.90    14.00     0.42
  49811.80    14.17     0.28
  49813.00    13.88     0.28
  49813.60    14.14     0.47
  49818.80    14.56     0.29
  49830.00    14.13     0.28
  49833.80    13.96     0.28
  49839.80    13.77     0.28
  49845.40    13.42     0.44
  49846.80    13.11     0.26
  49851.80    13.11     0.24
  49853.80    12.47     0.25
  49860.80    11.88     0.24
  49861.90    11.96     0.24
  49862.30    12.17     0.40
  49863.30    11.97     0.40
  49868.80    12.19     0.24
  49870.40    12.11     0.40
  49871.40    12.34     0.41
  49871.70    12.28     0.25
  49874.70    12.03     0.24
  49875.40    12.06     0.40
  49877.80    12.13     0.56
  49878.40    12.82     0.42
  49881.70    11.31     0.23
  49889.40    12.15     0.40
  49889.70    11.56     0.23
  49891.40    11.71     0.39
  49895.70    11.62     0.23
  49903.30    11.64     0.38
  49903.70    11.48     0.23
  49905.80    12.08     0.24
  49910.70    11.86     0.24
  49917.70    11.69     0.23
  49923.70    12.21     0.24
  49923.80    11.95     0.24
  49930.80    12.27     0.25
  49935.30    11.80     0.39
  49937.70    11.67     0.23
  49952.60    10.65     0.29
  49953.30    11.07     0.37
  49953.70    11.31     0.23
  49954.70    11.01     0.22
  49958.70    10.91     0.22
  49966.60    10.73     0.22
  49972.60    10.85     0.22
  49980.30    12.59     0.41
  49980.60    12.12     0.24
  49985.60    12.51     0.25
  49986.60    12.81     0.26
  50008.20    12.83     0.42
  50044.05    11.52     0.23
  50048.60    10.97     0.49
  50052.08    10.77     0.27
  50053.01    10.33     0.21
  50061.02     8.56     0.17
  50064.60     8.20     0.37
  50069.09     8.18     0.20
  50074.00     8.18     0.33
  50075.00     8.30     0.33
  50078.00     8.15     0.33
  50080.00     7.70     0.31
  50081.00     8.39     0.34
  50087.00     8.14     0.16
  50093.98     8.28     0.17
  50095.00     7.98     0.32
  50096.00     8.20     0.33
  50097.00     8.28     0.33
  50098.10     7.87     0.31
  50101.92     8.55     0.17
  50102.00     8.97     0.36
  50104.00     9.90     0.40
  50105.00     9.78     0.39
  50107.00     9.48     0.38
  50108.00     9.57     0.38
  50109.00     9.40     0.38
  50110.00     9.41     0.38
  50111.00     9.89     0.40
  50112.00     9.41     0.38
  50118.96     9.97     0.20
  50122.91     9.95     0.20
  50124.00    10.17     0.41
  50124.90    10.21     0.41
  50126.00    10.30     0.41
  50128.00     9.94     0.20
  50129.00     9.61     0.38
  50130.00     9.50     0.38
  50131.00     9.83     0.39
  50132.00     9.70     0.39
  50133.00    10.53     0.42
  50134.00     9.09     0.36
  50134.90     8.94     0.36
  50135.50     8.93     0.40
  50136.87     8.77     0.17
  50137.00     9.19     0.37
  50142.90     8.35     0.17
  50149.87     8.38     0.17
  50153.60    10.01     0.50
  50155.50     9.49     0.43
  50156.50     9.73     0.44
  50161.50    10.06     0.45
  50164.84    10.09     0.20
  50167.94    10.41     0.42
  50168.85     9.78     0.20
  50168.99    10.51     0.42
  50169.99    10.44     0.42
  50170.98     9.73     0.39
  50175.87    10.77     0.22
  50184.99    12.71     0.51
  50185.86    12.41     0.25
  50185.98    11.94     0.48
  50188.40    12.00     0.54
  50188.99    12.17     0.49
  50189.98    12.23     0.49
  50190.99    11.96     0.48
  50191.85    11.98     0.24
  50191.98    11.98     0.48
  50192.98    12.63     0.50
  50193.99    11.74     0.47
  50198.84    11.13     0.22
  50198.95    11.60     0.46
  50199.84    10.55     0.42
  50200.40    10.56     0.47
  50201.30    10.27     0.46
  50206.87    10.80     0.22
  50212.50    10.42     0.47
  50212.86    10.50     0.42
  50212.87    10.30     0.21
  50213.40    10.16     0.46
  50213.86    10.77     0.43
  50215.40    10.01     0.45
  50218.63    10.43     0.42
  50219.63     9.77     0.39
  50220.63     9.61     0.38
  50220.80     9.08     0.18
  50221.65     9.86     0.39
  50222.66     9.61     0.38
  50223.65     9.64     0.39
  50224.40     9.30     0.42
  50225.64     9.09     0.36
  50226.40     9.80     0.44
  50226.64     8.98     0.36
  50227.85     9.09     0.18
  50230.64     8.80     0.35
  50231.64     9.11     0.36
  50233.84     9.32     0.19
  50240.64     8.72     0.35
  50241.84     9.41     0.19
  50242.64     9.18     0.37
  50245.40     9.73     0.44
  50247.40     9.98     0.45
  50247.70    10.14     0.41
  50248.84    10.25     0.20
  50250.73    10.04     0.40
  50251.65    10.10     0.40
  50252.65    10.42     0.42
  50253.65    10.10     0.40
  50253.77    10.77     0.22
  50254.65    10.25     0.41
  50255.65    10.18     0.41
  50256.50    11.04     0.50
  50256.65    11.28     0.45
  50256.90    11.42     0.29
  50257.66    11.21     0.45
  50258.40    11.78     0.53
  50258.65    11.19     0.45
  50259.65    10.94     0.44
  50262.76    11.98     0.24
  50270.66    11.70     0.47
  50273.78    12.15     0.24
  50276.40    13.42     0.60
  50277.40    12.64     0.57
  50280.65    13.01     0.52
  50280.74    13.08     0.26
  50281.66    12.57     0.50
  50282.65    13.15     0.53
  50283.66    12.71     0.51
  50284.40    13.11     0.59
  50284.66    12.92     0.52
  50285.40    13.18     0.59
  50286.40    13.06     0.59
  50287.65    12.86     0.51
  50288.65    12.25     0.49
  50289.68    12.82     0.51
  50305.70    12.09     0.30
  50315.30    12.14     0.55
  50336.60    13.36     0.33
  50339.20    13.42     0.60
  50344.20    13.89     0.62
  50350.60    14.29     0.29
  50358.60    13.86     0.28
  50361.60    13.94     0.35
  50362.20    14.35     0.65
  50372.20    14.06     0.63
  50373.20    13.84     0.62
  50434.60    11.66     0.29
  50437.03    10.81     0.22
  50451.04     9.35     0.47
  50458.04     9.65     0.48
  50459.04     9.07     0.45
  50465.04     9.29     0.47
  50466.62     9.17     0.29
  50467.62     9.03     0.31
  50479.95     8.30     0.17
  50480.05     7.98     0.40
  50481.05     8.18     0.41
  50482.05     7.58     0.38
  50482.63     9.01     0.22
  50483.04     7.59     0.38
  50483.53     7.18     0.21
  50485.91     7.61     0.38
  50486.01     7.93     0.16
  50487.04     6.91     0.35
  50487.55     7.58     0.37
  50490.98     7.49     0.37
  50491.53     6.84     0.15
  50493.92     7.10     0.14
  50494.05     7.30     0.37
  50495.56     6.78     0.17
  50499.95     6.95     0.14
  50506.86     7.61     0.15
  50509.49     7.80     0.31
  50509.56     7.42     0.19
  50509.99     7.30     0.37
  50510.49     7.80     0.31
  50514.88     7.15     0.14
  50518.53     7.73     0.25
  50519.52     7.53     0.39
  50519.84     7.20     0.36
  50520.88     7.95     0.16
  50520.91     6.83     0.34
  50521.47     7.88     0.19
  50521.79     8.29     0.41
  50522.50     6.43     0.13
  50522.55     7.50     0.19
  50527.87     7.70     0.15
  50534.88     8.44     0.17
  50547.33     8.58     0.50
  50548.78     7.43     0.37
  50549.44     8.93     0.73
  50549.84     8.48     0.42
  50549.92     8.08     0.16
  50550.22     8.55     0.04
  50550.82     7.67     0.38
  50551.77     7.53     0.38
  50552.85     7.20     0.36
  50553.32     7.01     0.41
  50555.53     8.36     0.21
  50555.55     7.83     0.26
  50567.86     7.57     0.38
  50568.42     7.97     0.27
  50568.86     6.69     0.34
  50569.36     7.68     0.21
  50569.84     6.94     0.35
  50574.38     7.78     0.27
  50574.46     7.35     0.18
  50575.38     7.70     0.19
  50575.80     7.38     0.15
  50576.44     7.59     0.19
  50576.83     7.46     0.37
  50577.95     7.70     0.38
  50578.85     8.15     0.41
  50579.45     6.68     0.24
  50580.41     7.14     0.26
  50580.70     7.57     0.38
  50581.46     7.25     0.35
  50581.77     7.86     0.39
  50582.46     8.57     0.30
  50582.65     8.90     0.44
  50585.92     8.71     0.17
  50591.87     8.52     0.17
  50594.14     8.76     0.07
  50598.39     8.95     0.22
  50598.65     7.72     0.39
  50599.07     8.39     0.09
  50600.38     8.63     0.22
  50601.43     8.59     0.22
  50602.18     8.25     0.09
  50602.35     9.49     0.29
  50602.65     8.01     0.40
  50603.64     8.34     0.42
  50604.39     8.99     0.30
  50604.64     8.79     0.44
  50604.86     8.99     0.18
  50605.65     8.38     0.42
  50605.91     9.36     0.23
  50606.38     8.63     0.19
  50607.37     7.43     0.36
  50608.66     9.90     0.50
  50609.64     9.07     0.45
  50610.65     8.73     0.44
  50614.07     9.00     0.05
  50615.78     9.71     0.19
  50623.77     8.73     0.17
  50627.65     8.09     0.41
  50628.45     8.59     0.22
  50628.65     8.17     0.41
  50630.66     8.31     0.41
  50631.66     8.87     0.44
  50632.06     9.34     0.20
  50633.66     8.72     0.44
  50635.65     8.64     0.43
  50635.78     8.74     0.17
  50636.34     8.62     0.10
  50636.65     7.82     0.39
  50637.68     8.08     0.40
  50639.82     8.59     0.22
  50641.40     8.37     0.21
  50641.65     7.69     0.38
  50642.65     7.77     0.39
  50643.65     7.64     0.38
  50655.39     6.92     0.17
  50659.38     6.32     0.13
  50664.67     6.68     0.33
  50664.70     6.56     0.16
  50687.27     8.15     0.20
  50697.26     9.17     0.23
  50697.65     8.77     0.22
  50699.26     8.86     0.22
  50714.24     9.51     0.24
  50729.18    10.17     0.25
  50775.04    11.54     0.23
  50777.64    11.45     0.29
  50806.05    11.00     0.55
  50814.05    11.45     0.57
  50815.05    11.51     0.58
  50816.05    11.74     0.59
  50828.96    11.81     0.24
  50834.05    12.57     0.63
  50834.63    11.58     0.67
  50837.04    11.88     0.59
  50838.05    12.25     0.61
  50838.94    12.35     0.25
  50839.05    12.12     0.61
  50840.04    12.24     0.61
  50841.05    12.02     0.60
  50842.05    12.21     0.27
  50843.05    12.84     0.64
  50845.04    12.73     0.64
  50847.03    12.48     0.62
  50865.54    11.10     0.37
  50866.50    11.89     0.29
  50867.04    11.71     0.59
  50867.54    11.04     0.64
  50868.05    11.42     0.57
  50868.49    11.68     0.19
  50868.58    11.51     0.29
  50870.90    13.63     0.68
  50871.88    13.49     0.67
  50872.98    12.25     0.61
  50873.57    12.46     0.50
  50874.03    12.58     0.63
  50874.56    12.39     0.35
  50875.04    12.66     0.63
  50875.85    12.88     0.26
  50876.02    12.77     0.64
  50876.56    13.17     0.31
  50876.61    12.81     0.32
  50877.01    13.30     0.67
  50878.01    13.52     0.68
  50885.90    13.49     0.27
  50892.86    12.90     0.64
  50893.98    12.97     0.65
  50903.93    13.29     0.67
  50905.50    12.19     0.31
  50906.43    12.22     0.31
  50906.91    12.67     0.63
  50908.48    11.90     0.26
  50924.50    14.98     0.38
  50926.89    15.46     0.31
  50930.43    14.92     0.29
  50930.86    15.20     0.76
  50931.89    16.11     0.81
  50932.83    14.83     0.74
  50933.87    15.03     0.75
  50934.47    15.26     0.61
  50935.88    15.62     0.78
  50936.54    15.64     0.39
  50936.82    15.79     0.79
  50937.89    16.02     0.80
  50938.29    15.31     0.89
  50940.43    16.40     0.95
  50941.55    15.40     0.89
  50949.77    15.64     0.78
  50951.75    16.82     0.84
  50955.81    17.46     0.35
  50959.38    16.20     0.26
  50961.64    17.36     0.87
  50962.72    17.16     0.86
  50963.49    16.47     0.15
  50963.65    16.65     0.83
  50964.65    16.61     0.83
  50965.67    16.94     0.85
  50966.35    16.43     0.45
  50966.45    16.70     0.42
  50966.68    17.09     0.86
  50980.25    13.91     0.27
  50980.75    13.93     0.70
  50980.76    14.27     0.28
  50981.37    14.05     0.11
  50981.71    14.16     0.71
  50982.34    14.19     0.35
  50982.40    14.40     0.29
  50982.41    14.36     0.57
  50982.49    14.67     0.37
  50982.80    14.01     0.70
  50982.91    14.34     0.36
  50983.28    14.33     0.28
  50983.38    13.89     0.35
  50983.40    14.41     0.29
  50983.85    13.60     0.68
  50984.29    14.33     0.25
  50984.40    13.89     0.28
  50984.81    13.60     0.68
  50985.24    14.07     0.28
  50985.71    14.11     0.71
  50986.69    14.01     0.70
  50987.36    15.13     0.40
  50987.45    13.81     0.40
  50987.69    14.75     0.74
  50988.66    13.70     0.69
  50989.34    14.74     0.41
  50989.65    13.25     0.66
  50990.41    12.91     0.75
  50990.66    12.66     0.63
  50991.33    12.91     0.75
  50991.68    13.50     0.68
  50992.29    12.77     0.26
  50992.44    13.17     0.13
  50992.69    12.87     0.64
  50993.34    12.86     0.22
  50993.37    12.86     0.05
  50993.68    12.91     0.64
  50994.33    12.63     0.32
  50994.38    12.79     0.09
  50994.40    12.12     0.83
  50994.46    12.96     0.32
  50994.66    12.82     0.64
  50995.23    12.79     0.26
  50995.40    13.43     0.30
  50995.46    13.14     0.33
  50995.67    12.59     0.63
  50996.24    12.46     0.25
  50996.40    12.29     0.17
  50996.65    12.09     0.60
  50997.24    12.68     0.25
  50997.41    14.03     0.98
  50998.25    12.52     0.25
  51006.22    12.36     0.25
  51006.40    13.13     0.47
  51007.23    13.05     0.26
  51008.23    13.94     0.27
  51008.78    12.70     0.61
  51009.24    13.28     0.26
  51009.66    13.50     0.68
  51010.32    12.93     0.38
  51010.64    13.38     0.67
  51011.23    12.89     0.26
  51011.38    11.95     0.72
  51011.68    12.48     0.60
  51012.23    12.61     0.25
  51012.66    13.80     0.69
  51013.23    12.59     0.25
  51013.32    12.94     0.32
  51013.36    13.26     0.49
  51013.65    13.10     0.65
  51014.22    12.42     0.25
  51015.23    12.31     0.25
  51015.37    11.93     0.36
  51015.70    12.88     0.64
  51017.32    12.42     0.37
  51017.33    12.15     0.07
  51017.79    12.89     0.32
  51018.24    12.46     0.25
  51018.34    12.79     0.07
  51018.64    13.17     0.66
  51020.64    13.01     0.65
  51020.70    12.64     0.61
  51021.64    12.94     0.65
  51021.71    13.13     0.63
  51022.22    13.11     0.26
  51022.64    13.01     0.65
  51023.22    13.03     0.26
  51024.34    12.99     0.32
  51025.21    12.86     0.26
  51026.18    11.98     0.24
  51030.25    11.95     0.05
  51035.28    11.68     0.13
  51040.30    13.78     0.34
  51052.26    13.10     0.38
  51052.29    14.26     0.36
  51056.70    12.71     0.32
  51067.62    15.76     0.79
  51074.25    15.44     0.39
  51077.64    14.80     0.37
  51085.21    15.52     0.39
  51142.04    12.17     0.33
  51143.03    12.13     0.33
  51163.58    11.84     0.28
  51170.06    13.01     0.65
  51175.58    11.61     0.18
  51176.05    12.48     0.62
  51176.64    10.97     0.23
  51185.98    10.82     0.29
  51186.95    11.65     0.31
  51188.04    12.54     0.63
  51189.03    11.09     0.56
  51189.09    11.34     0.28
  51190.06    11.49     0.57
  51191.99    11.17     0.54
  51192.05    11.14     0.56
  51193.01    11.43     0.55
  51193.06    12.02     0.60
  51194.05    10.67     0.53
  51195.06    11.69     0.58
  51196.06    10.55     0.53
  51197.04    10.83     0.54
  51197.58    10.98     0.23
  51198.02    10.43     0.52
  51199.06    11.09     0.56
  51200.54    12.00     0.66
  51201.03    12.28     0.61
  51203.56    12.64     0.69
  51204.55    10.20     0.03
  51215.99    11.88     0.59
  51217.04    12.21     0.61
  51219.63    12.38     0.31
  51220.00    12.27     0.61
  51221.53    13.71     0.40
  51221.99    12.31     0.31
  51223.02    12.12     0.61
  51224.02    11.65     0.58
  51225.06    12.81     0.64
  51227.05    12.96     0.65
  51228.05    12.26     0.61
  51230.05    12.57     0.63
  51231.05    11.86     0.59
  51232.91    11.45     0.57
  51233.07    11.37     0.28
  51247.02    12.74     0.64
  51248.03    12.42     0.62
  51248.97    12.01     0.60
  51250.01    13.91     0.70
  51250.05    12.77     0.32
  51252.97    13.97     0.67
  51260.01    13.30     0.67
  51261.02    12.99     0.65
  51261.53    12.27     0.23
  51262.01    13.14     0.66
  51262.45    13.07     0.76
  51265.46    13.62     0.27
  51267.94    12.96     0.35
  51276.45    13.90     0.31
  51276.49    13.20     0.12
  51277.46    13.42     0.26
  51277.80    13.54     0.68
  51278.46    13.08     0.33
  51278.90    13.96     0.70
  51279.53    13.52     0.74
  51279.93    13.68     0.68
  51280.98    14.26     0.71
  51281.46    14.45     0.36
  51282.00    15.77     0.79
  51282.45    13.23     0.26
  51283.94    15.53     0.78
  51284.48    14.49     0.35
  51284.85    15.04     0.75
  51285.52    14.21     0.37
  51285.83    14.79     0.74
  51286.91    14.71     0.74
  51287.48    14.08     0.37
  51287.95    15.23     0.76
  51288.94    15.18     0.76
  51290.85    15.60     0.78
  51291.84    15.76     0.79
  51293.01    15.00     0.38
  51294.47    15.57     0.30
  51295.38    15.29     0.21
  51306.45    13.28     0.35
  51308.44    13.09     0.23
  51309.43    13.77     0.34
  51310.84    13.96     0.38
  51318.13    11.37     0.76
  51319.39    14.11     0.35
  51322.40    14.46     0.36
  51336.39    11.99     0.59
  51336.41    12.30     0.03
  51339.37    11.16     0.31
  51342.41    11.02     0.61
  51344.35    11.23     0.62
  51345.29    11.58     0.32
  51345.34    11.13     0.34
  51346.34    11.63     0.64
  51346.41    10.31     0.34
  51347.37    10.91     0.31
  51348.35    11.09     0.28
  51349.25    11.28     0.23
  51350.23    11.40     0.23
  51351.25    10.31     0.22
  51351.28    11.94     0.31
  51352.35    10.25     0.41
  51354.28    10.78     0.22
  51361.22    10.20     0.22
  51362.22    10.84     0.23
  51363.22    10.56     0.22
  51364.23    11.45     0.24
  51367.34    10.76     0.27
  51368.22     9.86     0.21
  51368.37    11.37     0.12
  51368.80    10.97     0.27
  51370.32    10.37     0.33
  51372.22    10.56     0.22
  51374.21    10.69     0.22
  51374.27    10.56     0.18
  51375.23    10.43     0.22
  51375.33    10.07     0.32
  51376.20    11.53     0.24
  51376.27    10.69     0.62
  51376.33    10.49     0.26
  51377.21     9.84     0.21
  51377.75    10.06     0.25
  51379.21    10.61     0.22
  51380.21    11.12     0.23
  51381.20    10.10     0.21
  51390.20     8.87     0.19
  51391.20     8.22     0.18
  51392.19     8.68     0.19
  51393.19     9.07     0.20
  51394.19     9.75     0.21
  51396.17     8.95     0.20
  51397.18     7.96     0.18
  51399.25     8.59     0.47
  51400.18     9.06     0.20
  51400.35     8.89     0.22
  51402.17     8.38     0.19
  51403.17     8.47     0.19
  51404.30     8.95     0.30
  51407.73     8.69     0.22
  51408.29     8.81     0.30
  51408.31     9.38     0.23
  51425.25    10.49     0.26
  51426.26    10.02     0.25
  51431.65     9.37     0.23
  51456.20    11.33     0.28
  51517.64    11.73     0.29
  51548.64    10.16     0.25
  51550.64     8.53     0.20
  51552.61     8.85     0.14
  51553.62     8.85     0.43
  51554.58     9.34     0.76
  51557.64     8.93     0.22
  51570.95     7.86     0.38
  51571.91     9.88     0.47
  51577.52     8.38     0.35
  51583.61     8.18     0.17
  51584.51     6.37     0.31
  51586.59     7.38     0.18
  51587.58     7.59     0.30
  51588.47     7.16     0.70
  51588.51     8.40     0.65
  51588.52     8.51     0.21
  51589.51     9.17     0.71
  51600.89     6.57     0.31
  51601.84     6.78     0.32
  51603.40     7.65     0.27
  51606.56     6.68     0.17
  51611.45     7.58     0.30
  51617.56     7.47     0.24
  51618.55     7.78     0.97
  51619.41     6.54     0.29
  51632.96     7.06     0.18
  51634.42     7.44     0.70
  51635.51     7.14     0.26
  51640.43     5.73     0.20
  51641.42     6.70     0.20
  51645.48     5.32     0.22
  51659.38     6.36     0.11
  51659.83     5.27     0.25
  51660.34     6.79     0.39
  51660.81     5.19     0.25
  51669.38     5.78     0.20
  51670.31     5.99     0.01
  51676.36     6.21     0.48
  51679.36     6.09     0.40
  51686.26     6.04     0.47
  51687.31     6.36     0.21
  51689.78     5.57     0.27
  51690.83     6.48     0.31
  51691.46     6.07     0.15
  51706.41     7.01     0.17
  51711.36     6.21     0.35
  51717.35     4.90     0.11
  51718.26     7.10     0.17
  51719.26     6.18     0.15
  51720.22     5.78     0.15
  51720.34     4.89     0.22
  51721.71     5.61     0.27
  51721.78     5.21     0.26
  51722.22     5.66     0.14
  51722.35     5.88     0.15
  51723.22     5.90     0.15
  51724.22     6.15     0.15
  51725.24     6.88     0.16
  51725.35     5.71     0.23
  51728.24     6.36     0.16
  51729.21     6.33     0.15
  51729.79     5.57     0.28
  51730.21     6.68     0.16
  51730.39     6.34     0.16
  51731.21     6.45     0.16
  51732.21     6.28     0.15
  51732.40     6.79     0.17
  51733.21     6.87     0.16
  51733.32     5.72     0.17
  51734.21     7.37     0.17
  51734.65     6.74     0.34
  51736.32     6.47     0.22
  51750.22     7.17     0.17
  51750.32     7.17     0.26
  51750.35     7.44     0.19
  51751.32     6.80     0.36
  51752.28     7.36     0.13
  51753.18     7.45     0.17
  51753.27     7.21     0.16
  51753.34     7.82     0.19
  51754.18     7.47     0.17
  51754.27     6.79     0.52
  51755.19     8.40     0.19
  51755.30     7.26     0.56
  51756.19     7.80     0.18
  51756.27     6.31     0.49
  51760.32     6.83     0.17
  51763.35     6.92     0.17
  51765.26     6.28     0.21
  51768.28     6.70     0.36
  51781.29     8.24     0.21
  51789.28     8.10     0.20
  51791.27     7.74     0.19
  51878.64     8.00     0.20
  51900.09     8.24     0.21
  51902.61     6.88     0.35
  51902.65     8.18     0.20
  51912.64     6.14     0.23
  51919.58     8.24     0.29
  51926.59     7.78     0.28
  51926.64     7.33     0.18
  51931.00     7.18     0.36
  51933.53     7.58     0.31
  51934.05     7.00     0.35
  51935.52     7.50     0.27
  51938.56     6.39     0.54
  51941.60     7.45     0.27
  51944.49     5.72     0.49
  51950.45     7.01     0.26
  51953.52     7.30     0.27
  51957.49     5.48     0.47
  51958.49     6.63     0.25
  51960.01     7.30     0.37
  51961.04     6.21     0.31
  51962.03     6.25     0.31
  51969.55     7.38     0.19
  51979.44     6.62     0.25
  51981.86     6.49     0.31
  51986.45     6.19     0.25
  51999.58     6.89     0.17
  52000.45     6.02     0.24
  52010.40     5.86     0.24
  52013.36     5.66     0.48
  52030.00     5.95     0.15
  52030.47     5.44     0.14
  52034.78     5.18     0.25
  52041.82     5.49     0.26
  52043.85     5.40     0.26
  52045.99     5.99     0.15
  52048.32     6.23     0.30
  52048.48     5.68     0.14
  52049.46     6.51     0.25
  52051.81     6.02     0.30
  52053.64     5.08     0.25
  52054.32     5.85     0.14
  52058.69     7.60     0.38
  52060.68     7.13     0.36
  52071.37     6.71     0.42
  52074.77     6.38     0.31
  52075.73     7.18     0.34
  52076.41     7.11     0.18
  52078.71     6.30     0.31
  52079.37     7.43     0.38
  52082.41     7.42     0.45
  52083.27     7.01     0.26
  52084.38     8.18     0.49
  52086.37     8.18     0.45
  52086.40     7.40     0.19
  52087.68     8.07     0.40
  52101.36     8.01     0.46
  52101.67     7.50     0.38
  52102.36     7.94     0.39
  52102.37     7.71     0.19
  52103.27     8.08     0.47
  52104.28     7.42     0.27
  52104.35     8.53     0.28
  52105.31     8.12     0.28
  52106.26     7.63     0.27
  52107.26     7.42     0.27
  52108.27     7.44     0.27
  52108.35     8.21     0.51
  52109.27     7.45     0.27
  52110.27     7.42     0.27
  52112.34     8.22     0.70
  52113.26     7.41     0.43
  52114.33     7.79     0.66
  52115.66     7.41     0.37
  52117.33     7.60     0.65
  52132.29     7.74     0.49
  52134.27     7.50     0.27
  52135.24     6.65     0.25
  52137.31     7.26     0.18
  52138.32     7.17     0.39
  52140.24     6.85     0.26
  52147.28     7.72     0.19
  52174.23     7.66     0.19
  52264.62     6.78     0.32
