  47509.00     7.53     0.26
  47512.00     8.24     0.45
  47517.00     8.03     0.28
  47524.00     8.74     0.31
  47525.00     8.63     0.30
  47528.00     8.31     0.29
  47530.00     8.09     0.28
  47533.00     8.52     0.30
  47534.00     8.26     0.29
  47535.00     8.37     0.29
  47539.00     8.31     0.25
  47543.00     7.95     0.28
  47546.00     9.05     0.50
  47549.00     9.28     0.51
  47556.00     8.69     0.24
  47560.00     8.99     0.26
  47561.00     9.37     0.33
  47564.00     9.04     0.32
  47565.00     9.32     0.33
  47567.00     8.88     0.31
  47568.00     8.38     0.29
  47570.00     9.19     0.32
  47571.00     8.52     0.30
  47572.00     8.77     0.31
  47573.00     8.98     0.23
  47574.00     8.44     0.25
  47575.00     8.70     0.48
  47576.00     8.53     0.47
  47582.00     8.03     0.28
  47583.00     7.66     0.34
  47584.00     7.76     0.39
  47587.00     8.09     0.24
  47589.00     7.91     0.23
  47590.00     7.95     0.23
  47591.00     7.69     0.27
  47592.00     7.83     0.18
  47593.00     7.91     0.20
  47594.00     7.53     0.22
  47597.00     7.72     0.42
  47598.00     7.74     0.27
  47599.00     7.28     0.18
  47600.00     7.09     0.17
  47601.00     7.16     0.21
  47606.00     7.73     0.23
  47613.00     7.94     0.28
  47614.00     8.59     0.30
  47615.00     7.69     0.27
  47616.00     8.41     0.38
  47617.00     8.47     0.30
  47618.00     8.30     0.20
  47620.00     8.33     0.23
  47621.00     8.36     0.23
  47622.00     8.54     0.38
  47623.00     8.93     0.22
  47624.00     8.68     0.22
  47626.00     8.67     0.22
  47627.00     8.67     0.22
  47628.00     8.62     0.24
  47629.00     8.32     0.29
  47631.00     9.09     0.35
  47632.00     9.53     0.71
  47642.00     9.71     0.34
  47643.00     9.66     0.24
  47644.00     9.49     0.24
  47645.00     9.81     0.34
  47648.00     9.63     0.53
  47649.00     9.82     0.31
  47650.00    10.11     0.25
  47652.00    10.27     0.41
  47653.00    10.04     0.35
  47654.00     9.81     0.20
  47655.00    10.07     0.28
  47656.00    10.12     0.30
  47657.00     9.99     0.35
  47658.00     9.62     0.27
  47660.00     9.54     0.33
  47661.00     9.56     0.48
  47663.00    10.56     0.58
  47664.00    10.50     0.42
  47665.00     9.92     0.26
  47666.00    10.21     0.41
  47668.00     9.69     0.53
  47673.00     9.72     0.34
  47674.00     9.82     0.34
  47675.00     9.86     0.44
  47676.00     9.31     0.42
  47678.00     9.35     0.21
  47679.00     9.28     0.27
  47680.00     9.76     0.29
  47681.00     9.28     0.23
  47682.00     9.04     0.22
  47683.00     9.45     0.33
  47684.00     9.09     0.32
  47685.00     8.99     0.31
  47686.00     9.25     0.32
  47687.00     8.40     0.38
  47699.00     7.68     0.46
  47700.00     7.68     0.46
  47701.00     7.78     0.47
  47702.00     8.34     0.29
  47703.00     8.73     0.22
  47705.00     8.57     0.30
  47707.00     8.52     0.30
  47708.00     8.57     0.30
  47709.00     8.52     0.30
  47710.00     8.35     0.23
  47711.00     8.64     0.25
  47713.00     7.83     0.43
  47715.00     8.21     0.29
  47716.00     8.54     0.30
  47719.00     8.70     0.31
  47725.00     9.43     0.33
  47728.00     7.93     0.48
  47730.00     7.68     0.46
  47736.00     8.18     0.37
  47741.00     8.01     0.44
  47742.00     8.35     0.38
  47746.00     8.59     0.34
  47748.00     8.68     0.39
  47749.00     7.54     0.41
  47754.00     7.60     0.42
  47757.00     7.37     0.41
  47758.00     7.60     0.42
  47759.00     6.73     0.37
  47765.00     6.73     0.37
  47766.00     7.10     0.22
  47767.00     6.94     0.20
  47777.00     7.64     0.27
  47778.00     7.91     0.20
  47779.00     7.78     0.27
  47797.00     8.54     0.30
  47809.00     8.76     0.31
  47861.00     7.57     0.26
  47868.00     8.76     0.31
  47884.00     9.10     0.32
  47891.00     8.09     0.28
  47895.00     8.15     0.28
  47896.00     8.41     0.46
  47897.00     8.41     0.46
  47899.00     8.03     0.28
  47900.00     8.20     0.29
  47901.00     8.15     0.28
  47907.00     7.01     0.28
  47910.00     6.86     0.27
  47912.00     7.03     0.17
  47915.00     7.25     0.25
  47918.00     7.71     0.42
  47919.00     6.86     0.38
  47921.00     6.16     0.34
  47922.00     6.36     0.35
  47927.00     5.56     0.31
  47929.00     5.86     0.20
  47940.00     5.20     0.29
  47941.00     5.41     0.30
  47945.00     5.20     0.29
  47946.00     5.20     0.20
  47947.00     5.51     0.30
  47949.00     5.86     0.20
  47951.00     5.05     0.28
  47955.00     4.55     0.25
  47957.00     4.86     0.17
  47958.00     5.13     0.18
  47967.00     4.36     0.24
  47968.00     4.86     0.27
  47969.00     4.36     0.24
  47970.00     4.40     0.24
  47971.00     4.35     0.13
  47973.00     4.40     0.24
  47974.00     4.36     0.24
  47975.00     4.30     0.13
  47980.00     4.36     0.24
  47982.00     4.08     0.09
  47984.00     4.07     0.16
  47990.00     3.96     0.14
  47994.00     4.46     0.16
  47999.00     5.11     0.28
  48002.00     4.95     0.27
  48004.00     5.16     0.21
  48005.00     5.25     0.18
  48007.00     5.06     0.15
  48008.00     5.76     0.32
  48009.00     5.36     0.29
  48011.00     5.08     0.18
  48013.00     5.02     0.18
  48020.00     5.80     0.20
  48028.00     6.08     0.21
  48030.00     6.31     0.35
  48031.00     6.26     0.34
  48032.00     6.66     0.37
  48034.00     6.76     0.37
  48036.00     6.36     0.35
  48037.00     6.34     0.19
  48039.00     6.51     0.36
  48040.00     5.71     0.31
  48041.00     6.01     0.33
  48042.00     6.71     0.37
  48043.00     6.71     0.37
  48044.00     6.75     0.24
  48047.00     6.73     0.30
  48051.00     6.60     0.26
  48056.00     6.46     0.23
  48059.00     6.56     0.36
  48060.00     7.06     0.39
  48061.00     6.63     0.16
  48062.00     6.54     0.26
  48064.00     6.61     0.36
  48067.00     6.61     0.36
  48068.00     6.42     0.19
  48077.00     5.69     0.20
  48089.00     5.06     0.13
  48090.00     5.08     0.18
  48091.00     5.05     0.28
  48092.00     4.89     0.20
  48097.00     5.21     0.15
  48102.00     4.98     0.17
  48120.00     6.31     0.22
  48128.00     6.81     0.24
  48132.00     6.36     0.22
  48133.00     5.93     0.21
  48143.00     6.19     0.22
  48148.00     5.91     0.21
  48151.00     5.69     0.20
  48160.00     5.80     0.20
  48170.00     5.97     0.15
  48171.00     5.21     0.18
  48179.00     6.53     0.23
  48225.00     7.01     0.28
  48231.00     7.25     0.29
  48236.00     7.09     0.28
  48252.00     8.15     0.33
  48262.00     8.06     0.32
  48267.00     8.54     0.34
  48275.00     8.59     0.34
  48280.00     8.15     0.33
  48287.00     8.43     0.34
  48294.00     8.59     0.34
  48298.00     7.98     0.64
  48301.00     8.35     0.54
  48302.00     8.73     0.70
  48310.00     7.64     0.31
  48323.00     8.23     0.29
  48324.00     7.87     0.63
  48325.00     9.18     0.74
  48329.00     8.73     0.70
  48330.00     8.44     0.68
  48338.00     8.15     0.33
  48341.00     8.58     0.56
  48344.00     8.31     0.33
  48351.00     8.03     0.32
  48352.00     7.98     0.32
  48353.00     8.50     0.68
  48354.00     8.08     0.29
  48355.00     7.81     0.62
  48356.00     7.64     0.61
  48360.00     7.41     0.59
  48361.00     6.79     0.54
  48362.00     7.70     0.62
  48365.00     7.00     0.24
  48366.00     7.51     0.30
  48378.00     7.09     0.28
  48381.00     7.01     0.28
  48384.00     7.58     0.61
  48386.00     7.14     0.29
  48393.00     7.20     0.29
  48394.00     8.10     0.65
  48395.00     7.47     0.60
  48396.00     7.70     0.50
  48400.00     7.14     0.29
  48414.00     6.42     0.26
  48415.00     6.16     0.49
  48421.00     5.80     0.23
  48423.00     6.24     0.50
  48427.00     6.30     0.50
  48428.00     6.83     0.24
  48431.00     6.36     0.25
  48455.00     7.64     0.31
  48456.00     7.42     0.30
  48457.00     7.56     0.30
  48460.00     7.53     0.30
  48473.00     6.30     0.25
  48474.00     6.36     0.32
  48477.00     6.14     0.31
  48488.00     5.97     0.24
  48507.00     6.29     0.57
  48512.00     7.25     0.29
  48513.00     7.37     0.29
  48514.00     6.70     0.27
  48515.00     6.68     0.27
  48516.00     6.64     0.27
  48531.00     6.79     0.27
  48534.00     7.09     0.28
  48623.00     6.74     0.27
  48630.00     7.12     0.28
  48636.00     7.20     0.29
  48644.00     7.42     0.30
  48651.00     7.37     0.29
  48655.00     7.00     0.52
  48662.00     7.93     0.63
  48670.00     7.20     0.29
  48676.00     7.31     0.29
  48677.00     7.06     0.35
  48679.00     7.13     0.57
  48681.00     6.73     0.54
  48682.00     7.01     0.56
  48687.00     6.39     0.51
  48689.00     6.27     0.50
  48691.00     6.25     0.25
  48692.00     6.30     0.31
  48693.00     6.22     0.50
  48695.00     6.47     0.26
  48699.00     5.30     0.21
  48707.00     4.79     0.38
  48713.00     4.35     0.17
  48718.00     3.84     0.34
  48720.00     3.57     0.14
  48726.00     3.07     0.12
  48733.00     3.23     0.09
  48734.00     2.98     0.19
  48736.00     2.79     0.22
  48737.00     2.68     0.21
  48742.00     2.98     0.11
  48743.00     2.66     0.16
  48744.00     2.91     0.17
  48745.00     2.62     0.16
  48746.00     3.00     0.27
  48747.00     3.37     0.25
  48748.00     3.54     0.28
  48750.00     3.37     0.12
  48765.00     3.74     0.13
  48766.00     3.88     0.31
  48769.00     4.17     0.23
  48771.00     4.33     0.39
  48776.00     3.87     0.29
  48777.00     3.74     0.34
  48778.00     3.87     0.23
  48779.00     4.56     0.37
  48780.00     4.21     0.15
  48783.00     4.77     0.19
  48789.00     5.41     0.22
  48793.00     5.08     0.46
  48796.00     4.74     0.19
  48799.00     4.59     0.37
  48801.00     4.16     0.33
  48804.00     4.28     0.16
  48805.00     4.62     0.37
  48810.00     4.16     0.17
  48812.00     3.64     0.18
  48813.00     3.82     0.29
  48816.00     3.64     0.18
  48817.00     3.96     0.16
  48818.00     3.52     0.26
  48825.00     4.18     0.17
  48830.00     3.89     0.35
  48831.00     4.35     0.16
  48833.00     4.23     0.38
  48834.00     4.06     0.23
  48835.00     4.28     0.38
  48836.00     4.38     0.39
  48837.00     4.47     0.16
  48839.00     4.63     0.19
  48848.00     5.13     0.20
  48858.00     5.57     0.20
  48860.00     6.14     0.31
  48861.00     5.86     0.53
  48862.00     6.07     0.22
  48864.00     5.92     0.30
  48866.00     5.98     0.30
  48867.00     6.08     0.24
  48869.00     6.14     0.25
  48876.00     5.86     0.23
  48883.00     5.97     0.24
  48886.00     6.41     0.26
  48889.00     6.47     0.26
  48898.00     6.64     0.27
  48954.03     7.42     0.19
  48967.00     7.64     0.19
  48973.01     7.98     0.20
  48981.03     7.70     0.19
  48982.05     7.69     0.26
  48992.01     7.87     0.20
  49000.02     9.26     0.23
  49004.65     8.28     0.41
  49008.99     8.54     0.21
  49010.04     8.55     0.29
  49010.56     8.49     0.34
  49011.03     8.44     0.29
  49012.03     8.61     0.29
  49012.64     8.45     0.42
  49013.03     8.34     0.28
  49013.94     8.65     0.22
  49014.05     8.12     0.28
  49014.51     8.88     0.35
  49017.08     7.99     0.20
  49020.97     8.09     0.20
  49029.95     8.43     0.21
  49031.54     8.15     0.33
  49032.08     7.88     0.20
  49034.50     8.49     0.34
  49036.00     8.34     0.28
  49039.55     8.33     0.54
  49040.50     8.15     0.53
  49045.04     8.06     0.27
  49045.96     7.63     0.26
  49048.94     7.98     0.20
  49056.89     8.03     0.20
  49061.90     8.88     0.30
  49062.87     8.59     0.22
  49064.80     8.48     0.21
  49065.01     8.66     0.29
  49066.02     8.93     0.30
  49067.02     8.39     0.28
  49070.00     8.50     0.29
  49070.46     8.49     0.34
  49071.00     8.88     0.30
  49071.98     8.23     0.28
  49074.53     8.71     0.35
  49075.01     8.28     0.28
  49077.39     8.27     0.33
  49078.41     8.27     0.33
  49078.44     8.38     0.29
  49079.85     8.26     0.21
  49080.46     8.44     0.29
  49083.46     7.97     0.28
  49085.22     7.64     0.28
  49085.82     8.09     0.20
  49087.20     8.16     0.29
  49088.20     7.38     0.27
  49088.32     7.66     0.31
  49089.17     7.48     0.27
  49089.40     7.88     0.31
  49090.17     7.59     0.27
  49090.82     7.31     0.25
  49090.85     7.25     0.18
  49090.92     7.39     0.19
  49091.15     7.43     0.27
  49091.86     7.58     0.26
  49091.98     7.23     0.18
  49092.86     7.47     0.15
  49094.25     7.74     0.28
  49094.57     7.71     0.39
  49094.99     6.93     0.24
  49095.23     7.38     0.27
  49096.99     7.42     0.25
  49098.80     7.11     0.25
  49098.82     7.09     0.24
  49099.80     7.09     0.18
  49101.19     6.91     0.25
  49101.42     6.92     0.35
  49102.20     6.81     0.25
  49102.98     6.60     0.22
  49103.64     6.99     0.25
  49106.73     6.99     0.25
  49107.42     7.11     0.28
  49107.82     7.09     0.18
  49107.98     7.23     0.18
  49112.24     7.79     0.28
  49113.24     7.95     0.29
  49114.51     7.44     0.26
  49114.81     7.70     0.19
  49120.74     7.77     0.27
  49120.81     7.79     0.26
  49121.77     7.93     0.28
  49122.84     8.03     0.20
  49125.66     8.66     0.29
  49126.69     8.01     0.27
  49127.68     8.71     0.30
  49128.73     8.82     0.30
  49128.75     8.03     0.20
  49129.46     8.44     0.34
  49130.46     8.21     0.33
  49131.35     8.25     0.26
  49132.05     8.26     0.62
  49132.40     8.38     0.34
  49135.76     8.37     0.21
  49135.92     8.66     0.29
  49140.46     8.21     0.33
  49141.39     8.10     0.32
  49142.72     8.31     0.21
  49149.74     8.26     0.21
  49150.85     8.39     0.28
  49151.66     8.71     0.30
  49152.67     8.17     0.28
  49155.41     7.88     0.31
  49155.67     7.79     0.26
  49156.39     8.10     0.32
  49156.67     8.01     0.27
  49156.75     8.37     0.21
  49157.41     7.83     0.31
  49157.67     8.01     0.27
  49158.35     8.05     0.32
  49158.66     8.12     0.28
  49159.38     7.55     0.30
  49159.69     7.58     0.26
  49160.66     7.63     0.26
  49163.69     7.25     0.18
  49164.37     6.97     0.35
  49166.84     7.17     0.18
  49169.69     7.20     0.18
  49176.69     7.53     0.19
  49182.85     7.55     0.19
  49183.69     7.81     0.19
  49187.66     7.58     0.26
  49188.67     7.90     0.27
  49189.69     7.36     0.25
  49190.65     7.98     0.20
  49191.66     8.06     0.27
  49196.77     8.16     0.20
  49197.70     7.81     0.19
  49205.68     8.31     0.21
  49211.66     8.15     0.20
  49212.74     7.99     0.20
  49240.63     7.53     0.19
  49240.67     7.45     0.19
  49242.67     7.55     0.19
  49243.66     7.34     0.18
  49255.64     7.28     0.18
  49309.10     6.51     0.13
  49313.60     6.94     0.26
  49317.00     6.45     0.13
  49324.00     6.34     0.13
  49325.00     6.69     0.13
  49326.00     6.73     0.14
  49327.00     6.94     0.14
  49327.60     6.68     0.25
  49328.00     6.74     0.14
  49329.00     6.86     0.14
  49330.00     6.86     0.14
  49331.00     6.78     0.14
  49332.00     6.99     0.14
  49332.60     7.02     0.27
  49333.00     6.74     0.14
  49339.00     6.91     0.14
  49339.70     6.93     0.35
  49340.10     7.15     0.14
  49342.40     7.10     0.35
  49343.10     7.03     0.14
  49344.10     7.03     0.14
  49360.10     7.12     0.14
  49364.60     7.29     0.28
  49365.60     7.43     0.28
  49367.00     7.64     0.43
  49370.00     7.33     0.41
  49371.00     7.84     0.44
  49372.00     7.15     0.40
  49372.10     7.20     0.14
  49374.00     7.26     0.41
  49375.00     7.15     0.40
  49377.70     7.05     0.35
  49387.00     6.81     0.38
  49389.10     6.83     0.14
  49390.00     6.67     0.37
  49394.00     6.53     0.37
  49395.00     6.68     0.37
  49395.60     6.53     0.25
  49397.60     6.61     0.25
  49399.00     6.53     0.37
  49400.00     6.41     0.36
  49403.80     6.49     0.13
  49409.00     6.81     0.14
  49415.90     6.78     0.14
  49416.90     6.75     0.38
  49420.00     6.58     0.37
  49420.90     7.05     0.14
  49421.00     6.99     0.39
  49422.00     6.76     0.38
  49428.60     6.88     0.26
  49429.10     7.03     0.14
  49429.80     7.04     0.14
  49429.90     6.55     0.37
  49436.90     7.17     0.14
  49443.90     7.16     0.13
  49444.80     7.37     0.41
  49447.00     7.60     0.15
  49447.90     7.35     0.41
  49448.90     7.28     0.41
  49452.80     7.55     0.42
  49453.30     7.43     0.28
  49454.40     7.57     0.29
  49457.90     7.82     0.16
  49461.00     7.50     0.15
  49464.80     7.09     0.14
  49471.80     6.67     0.13
  49475.80     6.98     0.39
  49476.90     7.68     0.43
  49477.80     7.74     0.43
  49478.80     6.26     0.12
  49481.80     6.76     0.38
  49482.80     6.32     0.35
  49483.70     6.97     0.39
  49485.80     6.88     0.14
  49486.40     6.93     0.26
  49487.40     6.97     0.26
  49488.80     6.58     0.37
  49489.40     7.13     0.27
  49489.80     6.86     0.38
  49490.10     7.39     0.28
  49490.40     6.99     0.27
  49491.10     7.17     0.27
  49491.40     7.15     0.27
  49491.60     7.12     0.40
  49491.80     7.83     0.16
  49498.80     8.09     0.16
  49504.10     8.98     0.34
  49504.70     8.02     0.45
  49505.60     8.69     0.49
  49506.70     7.99     0.15
  49506.90     7.90     0.16
  49507.70     8.37     0.47
  49508.70     8.51     0.48
  49509.70     8.30     0.47
  49510.40     8.70     0.33
  49513.70     8.32     0.16
  49514.70     8.50     0.48
  49515.70     8.29     0.46
  49518.70     8.61     0.48
  49519.40     8.32     0.32
  49519.50     8.56     0.17
  49519.70     8.57     0.48
  49520.40     8.29     0.31
  49520.70     7.87     0.15
  49527.70     8.23     0.17
  49535.40     8.44     0.32
  49536.30     8.65     0.33
  49537.70     8.55     0.48
  49538.70     8.47     0.47
  49539.70     9.02     0.50
  49545.60     8.67     0.48
  49548.80     8.88     0.18
  49553.40     8.43     0.32
  49566.30     8.99     0.34
  49568.40     8.90     0.34
  49568.80     9.19     0.18
  49575.50     9.05     0.45
  49579.30     9.11     0.35
  49597.30     9.33     0.35
  49597.70     9.55     0.14
  49599.30     9.85     0.37
  49601.30     9.82     0.37
  49603.70     9.84     0.20
  49604.70     9.72     0.19
  49608.70     9.76     0.19
  49622.60     9.45     0.19
  49626.60     9.11     0.18
  49636.60     8.44     0.17
  49679.00     9.63     0.19
  49686.00     8.82     0.18
  49713.60     8.43     0.32
  49743.60     8.29     0.31
  49744.50     8.27     0.31
  49750.10     8.24     0.21
  49751.00     7.89     0.20
  49752.00     8.61     0.17
  49753.60     8.48     0.32
  49758.90     8.48     0.17
  49765.90     8.78     0.18
  49772.50     8.37     0.32
  49772.90     8.21     0.16
  49773.10     8.40     0.17
  49775.00     8.58     0.17
  49779.00     8.81     0.22
  49780.00     8.97     0.22
  49781.00     8.94     0.22
  49782.00     9.25     0.23
  49783.50     9.02     0.34
  49784.00     9.08     0.23
  49784.50     8.99     0.18
  49784.90     8.89     0.18
  49786.60     9.09     0.18
  49787.60     8.97     0.18
  49788.50     8.90     0.18
  49794.00     8.63     0.17
  49802.00     9.14     0.18
  49808.90     9.46     0.19
  49810.80     9.82     0.25
  49810.90     9.82     0.20
  49811.80    10.10     0.25
  49813.00     9.72     0.24
  49813.60     9.74     0.37
  49818.80     9.85     0.20
  49830.00    10.43     0.21
  49833.80    10.41     0.21
  49839.80    10.40     0.21
  49845.40    10.92     0.41
  49846.80    10.07     0.20
  49853.80    10.87     0.22
  49860.80    10.64     0.21
  49861.90    10.16     0.20
  49862.30    10.29     0.39
  49863.30    10.39     0.40
  49868.80    10.09     0.20
  49870.40     9.94     0.38
  49871.40    10.03     0.38
  49871.70    10.03     0.25
  49874.70     9.76     0.19
  49875.40     9.54     0.36
  49878.40     9.77     0.37
  49881.70     9.73     0.19
  49889.40    10.27     0.39
  49889.70     9.26     0.19
  49891.40     9.51     0.36
  49895.70     9.04     0.18
  49903.30     9.52     0.36
  49903.70     8.98     0.18
  49905.80     9.05     0.18
  49910.70     8.64     0.17
  49917.70     8.62     0.17
  49923.70     8.83     0.18
  49923.80     9.33     0.19
  49930.80     9.28     0.19
  49935.30     9.38     0.36
  49937.70     9.58     0.19
  49953.30     8.85     0.34
  49953.70     9.10     0.18
  49954.70     9.04     0.18
  49958.70     9.18     0.18
  49966.60     8.63     0.17
  49972.60     8.46     0.17
  49980.30     8.31     0.32
  49980.60     8.69     0.17
  49985.60     8.90     0.18
  49986.60     8.74     0.17
  50008.20     9.54     0.36
  50044.05     9.56     0.19
  50048.60     8.78     0.23
  50052.08     8.96     0.31
  50053.01     9.02     0.18
  50061.02     9.19     0.18
  50064.60     8.33     0.22
  50069.09     8.22     0.29
  50074.00     7.27     0.20
  50075.00     7.04     0.20
  50078.00     6.92     0.19
  50080.00     6.93     0.19
  50081.00     6.55     0.18
  50087.00     6.69     0.13
  50093.98     6.30     0.13
  50095.00     6.15     0.17
  50096.00     5.80     0.16
  50097.00     6.38     0.18
  50098.10     6.58     0.18
  50101.92     6.32     0.13
  50102.00     6.57     0.18
  50104.00     6.84     0.19
  50105.00     6.11     0.17
  50107.00     6.50     0.18
  50108.00     6.46     0.18
  50109.00     6.36     0.18
  50110.00     6.31     0.18
  50111.00     6.61     0.19
  50112.00     6.64     0.19
  50118.96     7.44     0.15
  50122.91     7.60     0.15
  50124.00     7.07     0.20
  50124.90     7.31     0.20
  50126.00     7.60     0.21
  50128.00     7.88     0.16
  50129.00     7.58     0.21
  50130.00     7.99     0.22
  50131.00     7.80     0.22
  50132.00     8.08     0.23
  50133.00     8.07     0.23
  50134.00     7.48     0.21
  50134.90     7.66     0.21
  50135.50     7.62     0.20
  50136.87     8.04     0.16
  50137.00     8.17     0.23
  50142.90     7.97     0.16
  50149.87     7.15     0.14
  50153.60     7.20     0.36
  50155.50     6.57     0.17
  50156.50     6.89     0.18
  50161.50     6.94     0.18
  50164.84     7.39     0.15
  50167.94     7.60     0.21
  50168.85     7.67     0.15
  50168.99     7.35     0.21
  50169.99     7.40     0.21
  50170.98     7.48     0.21
  50175.87     8.04     0.16
  50184.99     8.15     0.23
  50185.86     7.93     0.16
  50185.98     7.87     0.22
  50188.40     7.93     0.21
  50188.99     8.09     0.23
  50189.98     8.33     0.23
  50190.99     8.25     0.23
  50191.85     8.50     0.17
  50191.98     8.52     0.24
  50192.98     8.38     0.23
  50193.99     8.59     0.24
  50198.84     8.95     0.18
  50198.95     8.80     0.25
  50199.84     8.91     0.25
  50200.40     8.77     0.23
  50201.30     8.70     0.23
  50206.87     8.95     0.18
  50212.50     8.75     0.23
  50212.86     8.92     0.25
  50212.87     8.70     0.17
  50213.40     8.82     0.23
  50213.86     8.50     0.24
  50215.40     8.78     0.23
  50218.63     8.53     0.24
  50219.63     8.70     0.24
  50220.63     8.88     0.25
  50220.80     8.59     0.17
  50221.65     8.24     0.23
  50222.66     8.62     0.24
  50223.65     8.51     0.24
  50224.40     8.53     0.22
  50225.64     8.12     0.23
  50226.40     8.45     0.22
  50226.64     8.35     0.23
  50227.85     8.32     0.17
  50230.64     7.92     0.22
  50231.64     8.19     0.23
  50233.84     7.87     0.16
  50240.64     7.59     0.21
  50241.84     7.44     0.15
  50242.64     7.19     0.20
  50245.40     7.37     0.19
  50247.40     7.60     0.20
  50247.70     7.53     0.21
  50248.84     7.30     0.15
  50250.73     7.55     0.21
  50251.65     8.03     0.22
  50252.65     7.03     0.20
  50253.65     7.54     0.21
  50253.77     7.35     0.15
  50254.65     7.62     0.21
  50255.65     7.51     0.21
  50256.50     7.54     0.20
  50256.65     7.27     0.20
  50256.90     7.77     0.27
  50257.66     7.42     0.21
  50258.40     7.50     0.19
  50258.65     8.00     0.22
  50259.65     7.59     0.21
  50262.76     7.96     0.16
  50270.66     8.58     0.24
  50273.78     8.95     0.18
  50276.40     8.19     0.21
  50277.40     8.46     0.22
  50280.65     8.56     0.24
  50280.74     7.77     0.16
  50281.66     8.19     0.23
  50282.65     8.57     0.24
  50283.66     8.68     0.24
  50284.40     8.58     0.22
  50284.66     8.81     0.25
  50285.40     8.89     0.23
  50286.40     8.76     0.23
  50287.65     9.36     0.26
  50288.65     9.17     0.26
  50289.68     8.80     0.25
  50305.70    10.23     0.36
  50315.30     8.92     0.23
  50336.60     9.19     0.32
  50339.20     9.09     0.24
  50344.20     9.24     0.24
  50350.60     8.29     0.17
  50358.60     9.40     0.19
  50361.60     9.59     0.34
  50362.20     8.94     0.23
  50372.20     9.02     0.23
  50373.20     8.84     0.23
  50434.60     9.71     0.24
  50437.03     9.53     0.19
  50451.04     9.03     0.24
  50458.04     9.78     0.26
  50459.04     9.59     0.26
  50465.04     9.40     0.25
  50479.95     8.87     0.18
  50480.05     9.15     0.25
  50481.05     9.30     0.25
  50482.05     9.18     0.25
  50482.63     8.83     0.22
  50483.04     8.44     0.23
  50485.91     8.57     0.23
  50486.01     8.58     0.17
  50487.04     8.35     0.22
  50490.98     7.68     0.21
  50493.92     7.29     0.15
  50494.05     7.99     0.22
  50495.56     7.64     0.19
  50499.95     7.13     0.14
  50506.86     7.35     0.15
  50509.56     6.85     0.17
  50509.99     6.44     0.17
  50514.88     7.17     0.14
  50519.84     5.90     0.16
  50520.88     6.29     0.13
  50520.91     6.20     0.17
  50521.79     6.38     0.17
  50522.55     6.64     0.17
  50527.87     6.26     0.12
  50534.88     6.04     0.12
  50547.33     6.92     0.35
  50548.78     7.84     0.21
  50549.84     7.59     0.20
  50549.92     7.08     0.14
  50550.82     7.39     0.20
  50551.77     7.20     0.19
  50552.85     7.08     0.19
  50553.32     7.14     0.36
  50555.53     7.28     0.18
  50567.86     6.75     0.18
  50568.86     6.71     0.18
  50569.84     6.68     0.18
  50574.46     6.69     0.17
  50575.38     6.35     0.16
  50575.80     6.97     0.14
  50576.44     6.70     0.17
  50576.83     6.32     0.17
  50577.95     6.52     0.18
  50578.85     6.63     0.18
  50580.70     6.53     0.18
  50581.77     6.25     0.17
  50582.65     6.23     0.17
  50585.92     6.39     0.13
  50591.87     6.65     0.13
  50598.39     7.06     0.18
  50598.65     6.86     0.19
  50600.38     7.16     0.18
  50601.43     6.88     0.17
  50602.65     7.02     0.19
  50603.64     7.18     0.19
  50604.64     7.20     0.19
  50604.86     6.91     0.14
  50605.65     6.86     0.19
  50605.91     7.03     0.25
  50608.66     7.10     0.19
  50609.64     7.18     0.19
  50610.65     7.67     0.21
  50615.78     7.43     0.15
  50623.77     7.72     0.15
  50627.65     8.19     0.22
  50628.45     8.07     0.20
  50628.65     7.94     0.21
  50630.66     8.37     0.23
  50631.66     8.26     0.22
  50633.66     8.26     0.22
  50635.65     8.16     0.22
  50635.78     7.47     0.15
  50636.65     7.78     0.21
  50637.68     8.31     0.22
  50639.82     7.85     0.28
  50641.40     7.83     0.20
  50641.65     7.80     0.21
  50642.65     7.51     0.20
  50643.65     8.00     0.22
  50655.39     7.07     0.18
  50659.38     6.37     0.16
  50664.67     6.51     0.18
  50664.70     5.89     0.21
  50687.27     6.21     0.16
  50697.26     6.82     0.17
  50697.65     6.57     0.23
  50699.26     6.82     0.17
  50714.24     7.73     0.19
  50729.18     7.57     0.19
  50775.04     8.55     0.17
  50777.64     8.88     0.22
  50806.05     8.85     0.24
  50814.05     8.43     0.23
  50815.05     8.58     0.23
  50816.05     8.82     0.24
  50828.96     8.05     0.16
  50834.05     8.29     0.22
  50834.63     8.61     0.43
  50837.04     8.56     0.23
  50838.05     8.56     0.23
  50838.94     8.26     0.17
  50839.05     8.39     0.23
  50840.04     8.39     0.23
  50841.05     8.90     0.24
  50842.05     8.55     0.18
  50843.05     8.73     0.24
  50845.04     8.65     0.23
  50847.03     8.87     0.24
  50867.04     9.69     0.26
  50867.54     9.82     0.49
  50868.05     9.58     0.26
  50868.58     9.60     0.24
  50870.90    10.11     0.27
  50871.88    10.34     0.28
  50872.98     9.33     0.25
  50874.03     9.26     0.25
  50875.04     9.04     0.24
  50875.85     8.93     0.18
  50876.02     9.46     0.25
  50876.61     9.56     0.24
  50877.01     9.02     0.24
  50878.01     9.22     0.25
  50885.90     9.03     0.18
  50892.86     9.82     0.26
  50893.98     9.99     0.27
  50903.93     9.84     0.27
  50905.50    10.13     0.25
  50906.43     9.96     0.25
  50906.91     9.95     0.27
  50924.50    10.16     0.25
  50926.89     9.42     0.19
  50930.86     9.72     0.26
  50931.89    10.03     0.27
  50932.83    10.16     0.27
  50933.87     9.93     0.27
  50934.47     9.84     0.39
  50935.88    10.24     0.28
  50936.54    10.62     0.27
  50936.82    10.31     0.28
  50937.89    10.52     0.28
  50938.29     9.98     0.50
  50940.43     9.60     0.48
  50941.55    10.73     0.54
  50949.77    10.71     0.29
  50951.75    11.22     0.30
  50955.81    10.33     0.21
  50961.64    11.10     0.30
  50962.72    10.78     0.29
  50963.65    10.80     0.29
  50964.65    10.71     0.29
  50965.67    10.98     0.30
  50966.45    11.01     0.28
  50966.68    11.18     0.30
  50980.75    11.73     0.32
  50980.76    11.60     0.23
  50981.71    11.47     0.31
  50982.34    11.83     0.30
  50982.40    11.52     0.29
  50982.41    11.23     0.45
  50982.49    11.52     0.29
  50982.80    11.30     0.31
  50982.91    11.56     0.40
  50983.38    11.47     0.29
  50983.40    11.54     0.29
  50983.85    11.30     0.31
  50984.29    12.06     0.48
  50984.40    11.70     0.29
  50984.81    11.42     0.31
  50985.71    11.59     0.31
  50986.69    11.46     0.31
  50987.69    11.70     0.32
  50988.66    11.70     0.32
  50989.65    10.94     0.29
  50990.41    11.40     0.57
  50990.66    11.11     0.30
  50991.33    11.21     0.56
  50991.68    11.76     0.32
  50992.69    11.37     0.31
  50993.68    11.32     0.31
  50994.33    11.48     0.29
  50994.46    11.73     0.29
  50994.66    11.05     0.30
  50995.46    11.91     0.30
  50995.67    11.16     0.30
  50996.65    11.04     0.30
  51008.78    10.09     0.20
  51009.66    10.11     0.27
  51010.64    10.26     0.28
  51011.68    10.41     0.21
  51012.66    10.97     0.30
  51013.32    10.68     0.27
  51013.65    10.69     0.29
  51015.70    10.81     0.29
  51017.79    10.32     0.36
  51018.64    11.08     0.30
  51020.64    10.48     0.28
  51020.70    10.36     0.21
  51021.64    10.61     0.29
  51021.71    10.01     0.20
  51022.64    10.42     0.28
  51024.34    10.26     0.26
  51040.30    10.59     0.26
  51052.29    10.16     0.25
  51056.70     9.78     0.34
  51067.62    10.62     0.29
  51074.25    10.45     0.26
  51077.64    10.27     0.36
  51085.21    10.94     0.27
  51142.04     9.72     0.37
  51143.03     9.58     0.36
  51170.06     9.05     0.24
  51176.05     9.40     0.25
  51185.98     9.14     0.35
  51186.95     9.18     0.35
  51188.04     9.14     0.25
  51189.03     9.15     0.25
  51189.09     8.90     0.31
  51190.06     9.25     0.25
  51191.99     9.00     0.18
  51192.05     9.15     0.25
  51193.01     8.98     0.18
  51193.06     9.15     0.25
  51194.05     9.13     0.25
  51195.06     9.13     0.25
  51196.06     9.55     0.26
  51197.04     9.31     0.25
  51198.02     9.47     0.26
  51199.06     9.36     0.25
  51200.54     9.07     0.36
  51201.03     9.23     0.25
  51203.56     9.54     0.38
  51215.99     8.94     0.24
  51217.04     9.21     0.25
  51219.63     8.81     0.22
  51220.00     9.01     0.24
  51221.99     9.33     0.33
  51223.02     8.86     0.24
  51224.02     9.10     0.25
  51225.06     9.33     0.25
  51227.05     8.80     0.24
  51228.05     9.21     0.25
  51230.05     9.04     0.24
  51231.05     9.28     0.25
  51232.91     9.25     0.25
  51233.07     8.76     0.31
  51247.02     8.83     0.24
  51248.03     8.96     0.24
  51248.97     8.85     0.24
  51250.01     9.38     0.25
  51250.05     8.92     0.31
  51252.97     8.98     0.18
  51260.01     9.13     0.25
  51261.02     9.02     0.24
  51262.01     9.70     0.26
  51262.45     9.45     0.47
  51267.94     9.07     0.34
  51277.80     9.55     0.26
  51278.46     9.85     0.25
  51278.90     9.97     0.27
  51279.53     9.97     0.40
  51279.93     9.78     0.26
  51280.98     9.88     0.27
  51281.46     9.81     0.25
  51282.00     9.82     0.26
  51283.94    10.10     0.27
  51284.85    10.02     0.27
  51285.83    10.24     0.28
  51286.91     9.84     0.27
  51287.95     9.85     0.27
  51288.94     9.83     0.26
  51290.85     9.94     0.27
  51291.84    10.47     0.28
  51293.01     9.97     0.35
  51309.43    11.32     0.28
  51310.84    10.71     0.41
  51319.39    10.31     0.26
  51322.40    10.27     0.26
  51342.41     9.96     0.40
  51344.35     9.60     0.38
  51346.34     9.63     0.38
  51348.35     9.61     0.24
  51367.34     9.61     0.24
  51368.80     9.58     0.34
  51376.27     9.76     0.49
  51376.33     9.38     0.23
  51377.75     9.04     0.32
  51399.25     8.73     0.35
  51400.35     8.89     0.22
  51407.73     7.54     0.26
  51408.31     8.24     0.21
  51425.25     8.12     0.20
  51426.26     7.62     0.19
  51431.65     7.65     0.27
  51456.20     8.85     0.22
  51517.64     9.07     0.23
  51548.64     9.05     0.23
  51557.64     8.80     0.22
  51570.95     7.81     0.16
  51571.91     7.42     0.15
  51586.59     7.84     0.20
  51588.51     7.45     0.41
  51588.52     7.61     0.19
  51589.51     7.21     0.40
  51600.89     6.11     0.12
  51601.84     6.46     0.13
  51632.96     6.01     0.21
  51659.83     5.56     0.11
  51660.81     5.49     0.11
  51676.36     5.66     0.31
  51686.26     5.31     0.29
  51689.78     5.24     0.10
  51690.83     5.79     0.12
  51691.46     5.34     0.13
  51706.41     4.89     0.12
  51721.71     5.09     0.10
  51721.78     4.75     0.13
  51722.35     4.70     0.12
  51729.79     4.64     0.12
  51730.39     4.82     0.12
  51732.40     5.19     0.13
  51734.65     4.90     0.13
  51750.35     6.64     0.17
  51753.34     6.27     0.16
  51754.27     6.75     0.37
  51755.30     6.66     0.37
  51756.27     6.49     0.36
  51760.32     6.27     0.16
  51763.35     5.98     0.15
  51781.29     5.87     0.15
  51789.28     6.65     0.17
  51791.27     6.30     0.16
  51878.64     5.61     0.14
  51900.09     6.54     0.23
  51902.65     6.95     0.17
  51926.64     6.88     0.17
  51931.00     6.86     0.19
  51934.05     6.51     0.18
  51938.56     6.02     0.52
  51944.49     6.07     0.52
  51957.49     6.39     0.55
  51960.01     6.41     0.17
  51961.04     5.60     0.15
  51962.03     5.72     0.15
  51969.55     5.65     0.14
  51981.86     5.44     0.11
  51999.58     4.74     0.12
  52013.36     4.51     0.39
  52030.00     3.73     0.13
  52030.47     3.45     0.09
  52034.78     3.51     0.07
  52041.82     3.43     0.07
  52043.85     3.34     0.07
  52045.99     3.45     0.12
  52048.48     3.55     0.09
  52051.81     3.89     0.10
  52053.64     2.98     0.08
  52058.69     5.05     0.14
  52060.68     4.59     0.12
  52074.77     4.48     0.09
  52075.73     4.40     0.09
  52076.41     4.41     0.11
  52078.71     5.03     0.14
  52086.40     5.23     0.13
  52087.68     5.75     0.16
  52101.36     6.25     0.31
  52101.67     5.43     0.15
  52102.37     5.85     0.15
  52103.27     6.41     0.32
  52112.34     6.52     0.56
  52113.26     6.32     0.32
  52114.33     5.51     0.47
  52115.66     6.00     0.16
  52117.33     6.00     0.52
  52137.31     5.74     0.14
  52147.28     5.49     0.14
  52174.23     5.15     0.13
